384 192
6 7
3 3 3 3 3 3 3 3 3 3 3 3 3 3 3 3 3 3 3 3 3 3 3 3 3 3 3 3 3 3 3 3 6 6 6 6 6 6 6 6 6 6 6 6 6 6 6 6 3 3 3 3 3 3 3 3 3 3 3 3 3 3 3 3 3 3 3 3 3 3 3 3 3 3 3 3 3 3 3 3 6 6 6 6 6 6 6 6 6 6 6 6 6 6 6 6 3 3 3 3 3 3 3 3 3 3 3 3 3 3 3 3 6 6 6 6 6 6 6 6 6 6 6 6 6 6 6 6 3 3 3 3 3 3 3 3 3 3 3 3 3 3 3 3 6 6 6 6 6 6 6 6 6 6 6 6 6 6 6 6 3 3 3 3 3 3 3 3 3 3 3 3 3 3 3 3 6 6 6 6 6 6 6 6 6 6 6 6 6 6 6 6 3 3 3 3 3 3 3 3 3 3 3 3 3 3 3 3 2 2 2 2 2 2 2 2 2 2 2 2 2 2 2 2 2 2 2 2 2 2 2 2 2 2 2 2 2 2 2 2 2 2 2 2 2 2 2 2 2 2 2 2 2 2 2 2 2 2 2 2 2 2 2 2 2 2 2 2 2 2 2 2 2 2 2 2 2 2 2 2 2 2 2 2 2 2 2 2 2 2 2 2 2 2 2 2 2 2 2 2 2 2 2 2 2 2 2 2 2 2 2 2 2 2 2 2 2 2 2 2 2 2 2 2 2 2 2 2 2 2 2 2 2 2 2 2 2 2 2 2 2 2 2 2 2 2 2 2 2 2 2 2 2 2 2 2 2 2 2 2 2 2 2 2 2 2 2 2 2 2 2 2 2 2 2 2 2 2 2 2 2 2 2 2 
6 6 6 6 6 6 6 6 6 6 6 6 6 6 6 6 7 7 7 7 7 7 7 7 7 7 7 7 7 7 7 7 7 7 7 7 7 7 7 7 7 7 7 7 7 7 7 7 6 6 6 6 6 6 6 6 6 6 6 6 6 6 6 6 6 6 6 6 6 6 6 6 6 6 6 6 6 6 6 6 7 7 7 7 7 7 7 7 7 7 7 7 7 7 7 7 6 6 6 6 6 6 6 6 6 6 6 6 6 6 6 6 6 6 6 6 6 6 6 6 6 6 6 6 6 6 6 6 7 7 7 7 7 7 7 7 7 7 7 7 7 7 7 7 6 6 6 6 6 6 6 6 6 6 6 6 6 6 6 6 6 6 6 6 6 6 6 6 6 6 6 6 6 6 6 6 6 6 6 6 6 6 6 6 6 6 6 6 6 6 6 6 
49 144 183 0 0 0 
50 129 184 0 0 0 
51 130 185 0 0 0 
52 131 186 0 0 0 
53 132 187 0 0 0 
54 133 188 0 0 0 
55 134 189 0 0 0 
56 135 190 0 0 0 
57 136 191 0 0 0 
58 137 192 0 0 0 
59 138 177 0 0 0 
60 139 178 0 0 0 
61 140 179 0 0 0 
62 141 180 0 0 0 
63 142 181 0 0 0 
64 143 182 0 0 0 
1 26 123 0 0 0 
2 27 124 0 0 0 
3 28 125 0 0 0 
4 29 126 0 0 0 
5 30 127 0 0 0 
6 31 128 0 0 0 
7 32 113 0 0 0 
8 17 114 0 0 0 
9 18 115 0 0 0 
10 19 116 0 0 0 
11 20 117 0 0 0 
12 21 118 0 0 0 
13 22 119 0 0 0 
14 23 120 0 0 0 
15 24 121 0 0 0 
16 25 122 0 0 0 
1 62 66 104 121 171 
2 63 67 105 122 172 
3 64 68 106 123 173 
4 49 69 107 124 174 
5 50 70 108 125 175 
6 51 71 109 126 176 
7 52 72 110 127 161 
8 53 73 111 128 162 
9 54 74 112 113 163 
10 55 75 97 114 164 
11 56 76 98 115 165 
12 57 77 99 116 166 
13 58 78 100 117 167 
14 59 79 101 118 168 
15 60 80 102 119 169 
16 61 65 103 120 170 
33 110 169 0 0 0 
34 111 170 0 0 0 
35 112 171 0 0 0 
36 97 172 0 0 0 
37 98 173 0 0 0 
38 99 174 0 0 0 
39 100 175 0 0 0 
40 101 176 0 0 0 
41 102 161 0 0 0 
42 103 162 0 0 0 
43 104 163 0 0 0 
44 105 164 0 0 0 
45 106 165 0 0 0 
46 107 166 0 0 0 
47 108 167 0 0 0 
48 109 168 0 0 0 
33 87 133 0 0 0 
34 88 134 0 0 0 
35 89 135 0 0 0 
36 90 136 0 0 0 
37 91 137 0 0 0 
38 92 138 0 0 0 
39 93 139 0 0 0 
40 94 140 0 0 0 
41 95 141 0 0 0 
42 96 142 0 0 0 
43 81 143 0 0 0 
44 82 144 0 0 0 
45 83 129 0 0 0 
46 84 130 0 0 0 
47 85 131 0 0 0 
48 86 132 0 0 0 
17 35 84 138 153 191 
18 36 85 139 154 192 
19 37 86 140 155 177 
20 38 87 141 156 178 
21 39 88 142 157 179 
22 40 89 143 158 180 
23 41 90 144 159 181 
24 42 91 129 160 182 
25 43 92 130 145 183 
26 44 93 131 146 184 
27 45 94 132 147 185 
28 46 95 133 148 186 
29 47 96 134 149 187 
30 48 81 135 150 188 
31 33 82 136 151 189 
32 34 83 137 152 190 
17 74 127 0 0 0 
18 75 128 0 0 0 
19 76 113 0 0 0 
20 77 114 0 0 0 
21 78 115 0 0 0 
22 79 116 0 0 0 
23 80 117 0 0 0 
24 65 118 0 0 0 
25 66 119 0 0 0 
26 67 120 0 0 0 
27 68 121 0 0 0 
28 69 122 0 0 0 
29 70 123 0 0 0 
30 71 124 0 0 0 
31 72 125 0 0 0 
32 73 126 0 0 0 
17 48 91 141 154 181 
18 33 92 142 155 182 
19 34 93 143 156 183 
20 35 94 144 157 184 
21 36 95 129 158 185 
22 37 96 130 159 186 
23 38 81 131 160 187 
24 39 82 132 145 188 
25 40 83 133 146 189 
26 41 84 134 147 190 
27 42 85 135 148 191 
28 43 86 136 149 192 
29 44 87 137 150 177 
30 45 88 138 151 178 
31 46 89 139 152 179 
32 47 90 140 153 180 
1 61 174 0 0 0 
2 62 175 0 0 0 
3 63 176 0 0 0 
4 64 161 0 0 0 
5 49 162 0 0 0 
6 50 163 0 0 0 
7 51 164 0 0 0 
8 52 165 0 0 0 
9 53 166 0 0 0 
10 54 167 0 0 0 
11 55 168 0 0 0 
12 56 169 0 0 0 
13 57 170 0 0 0 
14 58 171 0 0 0 
15 59 172 0 0 0 
16 60 173 0 0 0 
1 64 79 108 113 170 
2 49 80 109 114 171 
3 50 65 110 115 172 
4 51 66 111 116 173 
5 52 67 112 117 174 
6 53 68 97 118 175 
7 54 69 98 119 176 
8 55 70 99 120 161 
9 56 71 100 121 162 
10 57 72 101 122 163 
11 58 73 102 123 164 
12 59 74 103 124 165 
13 60 75 104 125 166 
14 61 76 105 126 167 
15 62 77 106 127 168 
16 63 78 107 128 169 
65 100 158 0 0 0 
66 101 159 0 0 0 
67 102 160 0 0 0 
68 103 145 0 0 0 
69 104 146 0 0 0 
70 105 147 0 0 0 
71 106 148 0 0 0 
72 107 149 0 0 0 
73 108 150 0 0 0 
74 109 151 0 0 0 
75 110 152 0 0 0 
76 111 153 0 0 0 
77 112 154 0 0 0 
78 97 155 0 0 0 
79 98 156 0 0 0 
80 99 157 0 0 0 
17 44 88 140 158 187 
18 45 89 141 159 188 
19 46 90 142 160 189 
20 47 91 143 145 190 
21 48 92 144 146 191 
22 33 93 129 147 192 
23 34 94 130 148 177 
24 35 95 131 149 178 
25 36 96 132 150 179 
26 37 81 133 151 180 
27 38 82 134 152 181 
28 39 83 135 153 182 
29 40 84 136 154 183 
30 41 85 137 155 184 
31 42 86 138 156 185 
32 43 87 139 157 186 
1 85 189 0 0 0 
2 86 190 0 0 0 
3 87 191 0 0 0 
4 88 192 0 0 0 
5 89 177 0 0 0 
6 90 178 0 0 0 
7 91 179 0 0 0 
8 92 180 0 0 0 
9 93 181 0 0 0 
10 94 182 0 0 0 
11 95 183 0 0 0 
12 96 184 0 0 0 
13 81 185 0 0 0 
14 82 186 0 0 0 
15 83 187 0 0 0 
16 84 188 0 0 0 
1 17 0 0 0 0 
2 18 0 0 0 0 
3 19 0 0 0 0 
4 20 0 0 0 0 
5 21 0 0 0 0 
6 22 0 0 0 0 
7 23 0 0 0 0 
8 24 0 0 0 0 
9 25 0 0 0 0 
10 26 0 0 0 0 
11 27 0 0 0 0 
12 28 0 0 0 0 
13 29 0 0 0 0 
14 30 0 0 0 0 
15 31 0 0 0 0 
16 32 0 0 0 0 
17 33 0 0 0 0 
18 34 0 0 0 0 
19 35 0 0 0 0 
20 36 0 0 0 0 
21 37 0 0 0 0 
22 38 0 0 0 0 
23 39 0 0 0 0 
24 40 0 0 0 0 
25 41 0 0 0 0 
26 42 0 0 0 0 
27 43 0 0 0 0 
28 44 0 0 0 0 
29 45 0 0 0 0 
30 46 0 0 0 0 
31 47 0 0 0 0 
32 48 0 0 0 0 
33 49 0 0 0 0 
34 50 0 0 0 0 
35 51 0 0 0 0 
36 52 0 0 0 0 
37 53 0 0 0 0 
38 54 0 0 0 0 
39 55 0 0 0 0 
40 56 0 0 0 0 
41 57 0 0 0 0 
42 58 0 0 0 0 
43 59 0 0 0 0 
44 60 0 0 0 0 
45 61 0 0 0 0 
46 62 0 0 0 0 
47 63 0 0 0 0 
48 64 0 0 0 0 
49 65 0 0 0 0 
50 66 0 0 0 0 
51 67 0 0 0 0 
52 68 0 0 0 0 
53 69 0 0 0 0 
54 70 0 0 0 0 
55 71 0 0 0 0 
56 72 0 0 0 0 
57 73 0 0 0 0 
58 74 0 0 0 0 
59 75 0 0 0 0 
60 76 0 0 0 0 
61 77 0 0 0 0 
62 78 0 0 0 0 
63 79 0 0 0 0 
64 80 0 0 0 0 
65 81 0 0 0 0 
66 82 0 0 0 0 
67 83 0 0 0 0 
68 84 0 0 0 0 
69 85 0 0 0 0 
70 86 0 0 0 0 
71 87 0 0 0 0 
72 88 0 0 0 0 
73 89 0 0 0 0 
74 90 0 0 0 0 
75 91 0 0 0 0 
76 92 0 0 0 0 
77 93 0 0 0 0 
78 94 0 0 0 0 
79 95 0 0 0 0 
80 96 0 0 0 0 
81 97 0 0 0 0 
82 98 0 0 0 0 
83 99 0 0 0 0 
84 100 0 0 0 0 
85 101 0 0 0 0 
86 102 0 0 0 0 
87 103 0 0 0 0 
88 104 0 0 0 0 
89 105 0 0 0 0 
90 106 0 0 0 0 
91 107 0 0 0 0 
92 108 0 0 0 0 
93 109 0 0 0 0 
94 110 0 0 0 0 
95 111 0 0 0 0 
96 112 0 0 0 0 
97 113 0 0 0 0 
98 114 0 0 0 0 
99 115 0 0 0 0 
100 116 0 0 0 0 
101 117 0 0 0 0 
102 118 0 0 0 0 
103 119 0 0 0 0 
104 120 0 0 0 0 
105 121 0 0 0 0 
106 122 0 0 0 0 
107 123 0 0 0 0 
108 124 0 0 0 0 
109 125 0 0 0 0 
110 126 0 0 0 0 
111 127 0 0 0 0 
112 128 0 0 0 0 
113 129 0 0 0 0 
114 130 0 0 0 0 
115 131 0 0 0 0 
116 132 0 0 0 0 
117 133 0 0 0 0 
118 134 0 0 0 0 
119 135 0 0 0 0 
120 136 0 0 0 0 
121 137 0 0 0 0 
122 138 0 0 0 0 
123 139 0 0 0 0 
124 140 0 0 0 0 
125 141 0 0 0 0 
126 142 0 0 0 0 
127 143 0 0 0 0 
128 144 0 0 0 0 
129 145 0 0 0 0 
130 146 0 0 0 0 
131 147 0 0 0 0 
132 148 0 0 0 0 
133 149 0 0 0 0 
134 150 0 0 0 0 
135 151 0 0 0 0 
136 152 0 0 0 0 
137 153 0 0 0 0 
138 154 0 0 0 0 
139 155 0 0 0 0 
140 156 0 0 0 0 
141 157 0 0 0 0 
142 158 0 0 0 0 
143 159 0 0 0 0 
144 160 0 0 0 0 
145 161 0 0 0 0 
146 162 0 0 0 0 
147 163 0 0 0 0 
148 164 0 0 0 0 
149 165 0 0 0 0 
150 166 0 0 0 0 
151 167 0 0 0 0 
152 168 0 0 0 0 
153 169 0 0 0 0 
154 170 0 0 0 0 
155 171 0 0 0 0 
156 172 0 0 0 0 
157 173 0 0 0 0 
158 174 0 0 0 0 
159 175 0 0 0 0 
160 176 0 0 0 0 
161 177 0 0 0 0 
162 178 0 0 0 0 
163 179 0 0 0 0 
164 180 0 0 0 0 
165 181 0 0 0 0 
166 182 0 0 0 0 
167 183 0 0 0 0 
168 184 0 0 0 0 
169 185 0 0 0 0 
170 186 0 0 0 0 
171 187 0 0 0 0 
172 188 0 0 0 0 
173 189 0 0 0 0 
174 190 0 0 0 0 
175 191 0 0 0 0 
176 192 0 0 0 0 
209 193 129 17 145 33 0 
210 194 130 18 146 34 0 
211 195 131 19 147 35 0 
212 196 132 20 148 36 0 
213 197 133 21 149 37 0 
214 198 134 22 150 38 0 
215 199 135 23 151 39 0 
216 200 136 24 152 40 0 
217 201 137 25 153 41 0 
218 202 138 26 154 42 0 
219 203 139 27 155 43 0 
220 204 140 28 156 44 0 
221 205 141 29 157 45 0 
222 206 142 30 158 46 0 
223 207 143 31 159 47 0 
224 208 144 32 160 48 0 
209 225 97 24 177 113 81 
210 226 98 25 178 114 82 
211 227 99 26 179 115 83 
212 228 100 27 180 116 84 
213 229 101 28 181 117 85 
214 230 102 29 182 118 86 
215 231 103 30 183 119 87 
216 232 104 31 184 120 88 
217 233 105 32 185 121 89 
218 234 106 17 186 122 90 
219 235 107 18 187 123 91 
220 236 108 19 188 124 92 
221 237 109 20 189 125 93 
222 238 110 21 190 126 94 
223 239 111 22 191 127 95 
224 240 112 23 192 128 96 
225 241 65 49 182 114 95 
226 242 66 50 183 115 96 
227 243 67 51 184 116 81 
228 244 68 52 185 117 82 
229 245 69 53 186 118 83 
230 246 70 54 187 119 84 
231 247 71 55 188 120 85 
232 248 72 56 189 121 86 
233 249 73 57 190 122 87 
234 250 74 58 191 123 88 
235 251 75 59 192 124 89 
236 252 76 60 177 125 90 
237 253 77 61 178 126 91 
238 254 78 62 179 127 92 
239 255 79 63 180 128 93 
240 256 80 64 181 113 94 
241 257 1 133 146 36 0 
242 258 2 134 147 37 0 
243 259 3 135 148 38 0 
244 260 4 136 149 39 0 
245 261 5 137 150 40 0 
246 262 6 138 151 41 0 
247 263 7 139 152 42 0 
248 264 8 140 153 43 0 
249 265 9 141 154 44 0 
250 266 10 142 155 45 0 
251 267 11 143 156 46 0 
252 268 12 144 157 47 0 
253 269 13 129 158 48 0 
254 270 14 130 159 33 0 
255 271 15 131 160 34 0 
256 272 16 132 145 35 0 
257 273 161 104 147 48 0 
258 274 162 105 148 33 0 
259 275 163 106 149 34 0 
260 276 164 107 150 35 0 
261 277 165 108 151 36 0 
262 278 166 109 152 37 0 
263 279 167 110 153 38 0 
264 280 168 111 154 39 0 
265 281 169 112 155 40 0 
266 282 170 97 156 41 0 
267 283 171 98 157 42 0 
268 284 172 99 158 43 0 
269 285 173 100 159 44 0 
270 286 174 101 160 45 0 
271 287 175 102 145 46 0 
272 288 176 103 146 47 0 
273 289 205 75 186 119 94 
274 290 206 76 187 120 95 
275 291 207 77 188 121 96 
276 292 208 78 189 122 81 
277 293 193 79 190 123 82 
278 294 194 80 191 124 83 
279 295 195 65 192 125 84 
280 296 196 66 177 126 85 
281 297 197 67 178 127 86 
282 298 198 68 179 128 87 
283 299 199 69 180 113 88 
284 300 200 70 181 114 89 
285 301 201 71 182 115 90 
286 302 202 72 183 116 91 
287 303 203 73 184 117 92 
288 304 204 74 185 118 93 
289 305 174 52 150 42 0 
290 306 175 53 151 43 0 
291 307 176 54 152 44 0 
292 308 161 55 153 45 0 
293 309 162 56 154 46 0 
294 310 163 57 155 47 0 
295 311 164 58 156 48 0 
296 312 165 59 157 33 0 
297 313 166 60 158 34 0 
298 314 167 61 159 35 0 
299 315 168 62 160 36 0 
300 316 169 63 145 37 0 
301 317 170 64 146 38 0 
302 318 171 49 147 39 0 
303 319 172 50 148 40 0 
304 320 173 51 149 41 0 
305 321 99 23 145 41 0 
306 322 100 24 146 42 0 
307 323 101 25 147 43 0 
308 324 102 26 148 44 0 
309 325 103 27 149 45 0 
310 326 104 28 150 46 0 
311 327 105 29 151 47 0 
312 328 106 30 152 48 0 
313 329 107 31 153 33 0 
314 330 108 32 154 34 0 
315 331 109 17 155 35 0 
316 332 110 18 156 36 0 
317 333 111 19 157 37 0 
318 334 112 20 158 38 0 
319 335 97 21 159 39 0 
320 336 98 22 160 40 0 
321 337 2 77 182 117 88 
322 338 3 78 183 118 89 
323 339 4 79 184 119 90 
324 340 5 80 185 120 91 
325 341 6 65 186 121 92 
326 342 7 66 187 122 93 
327 343 8 67 188 123 94 
328 344 9 68 189 124 95 
329 345 10 69 190 125 96 
330 346 11 70 191 126 81 
331 347 12 71 192 127 82 
332 348 13 72 177 128 83 
333 349 14 73 178 113 84 
334 350 15 74 179 114 85 
335 351 16 75 180 115 86 
336 352 1 76 181 116 87 
337 353 164 180 120 89 0 
338 354 165 181 121 90 0 
339 355 166 182 122 91 0 
340 356 167 183 123 92 0 
341 357 168 184 124 93 0 
342 358 169 185 125 94 0 
343 359 170 186 126 95 0 
344 360 171 187 127 96 0 
345 361 172 188 128 81 0 
346 362 173 189 113 82 0 
347 363 174 190 114 83 0 
348 364 175 191 115 84 0 
349 365 176 192 116 85 0 
350 366 161 177 117 86 0 
351 367 162 178 118 87 0 
352 368 163 179 119 88 0 
353 369 132 57 152 39 0 
354 370 133 58 153 40 0 
355 371 134 59 154 41 0 
356 372 135 60 155 42 0 
357 373 136 61 156 43 0 
358 374 137 62 157 44 0 
359 375 138 63 158 45 0 
360 376 139 64 159 46 0 
361 377 140 49 160 47 0 
362 378 141 50 145 48 0 
363 379 142 51 146 33 0 
364 380 143 52 147 34 0 
365 381 144 53 148 35 0 
366 382 129 54 149 36 0 
367 383 130 55 150 37 0 
368 384 131 56 151 38 0 
369 11 197 183 125 83 0 
370 12 198 184 126 84 0 
371 13 199 185 127 85 0 
372 14 200 186 128 86 0 
373 15 201 187 113 87 0 
374 16 202 188 114 88 0 
375 1 203 189 115 89 0 
376 2 204 190 116 90 0 
377 3 205 191 117 91 0 
378 4 206 192 118 92 0 
379 5 207 177 119 93 0 
380 6 208 178 120 94 0 
381 7 193 179 121 95 0 
382 8 194 180 122 96 0 
383 9 195 181 123 81 0 
384 10 196 182 124 82 0 
